100
20
1
123
100000001
1100000
000110000
222210000
100000100
100001000
10
100000000
11000
23042
010100000
1316557
000100001
10050100
000000030
222111000
321110000
11111
312
010
11
421110000
111111
001000100
101000000
100000010
010000001
0040
000010001
100
110000
421100000
010000000
110000000
100000
1021
000010010
000000011
000001001
010000100
001010000
1111111
000000110
000010100
1100
000011000
321111000
01000000
0031
2010040
331110000
000101000
0100000
011000000
10000
431100000
2633410
7226567
010001000
01
010010000
00111001
001001000
111100000
001000010
0100
000100010
101
87848148
110
010000010
001000001
111
1111
2110
1000000
030
000001100
000100100
001100000
47605537
590193280
000001010
00400310
576741363
11000000
78217080
100010000
111111111
20000210
10000000
010000
100100000
1000
000000101
11111111
01000
